01000100
11101011
11110101
11110110
01011110
11100010
11111001
10101000
11011011
11110001
10011001
10101101
01010001
11111111
10000101
00011010
10001001
00101001
11101001
10010101
01011011
11011111
01111111
01011001
00011000
00010001
11110011
11000010
00110000
00110000
01110100
11011110
11000000
11110110
01110011
11110001
01111101
01101010
01011001
11101000
10000100
00111011
01111100
00000011
00000110
10111010
11001011
11101111
01100000
01010100
01100011
00100111
00110000
10100110
10101111
10011101
11100011
11010111
10000110
11001011
11101111
11101101
01011010
11101000
01100000
11101001
11101000
00100011
01000001
01000011
10001000
10100010
11011111
11011011
00000011
01011011
11000010
00001101
11110101
11010011
01000100
01001101
01100101
10110110
00001000
00000100
00010110
10010111
10111100
00110111
01111111
00100111
01101011
11101111
10010111
00010101
01000100
11010000
11101010
10010010