0.67
0.68
0.33
0.93
0.23
0.20
0.53
0.85
0.30
0.93
0.94
0.32
0.16
0.58
0.37
0.66
0.95
0.71
0.65
0.30
0.17
0.18
0.74
0.27
0.28
0.05
0.32
0.49
0.57
0.17
0.42
0.37
0.43
0.92
0.68
0.31
0.35
0.26
0.53
0.81
0.90
0.59
0.76
0.67
0.71
0.77
0.23
0.85
0.93
0.52
0.66
0.72
0.13
0.66
0.63
0.21
0.13
0.44
0.62
0.36
0.67
0.40
0.12
0.12
0.52
0.08
0.69
0.65
0.77
0.77
0.13
0.12
0.05
0.96
0.52
0.13
0.36
0.47
0.19
0.82
0.31
0.91
0.67
0.93
0.35
0.62
0.38
0.52
0.79
0.53
0.29
0.92
0.47
0.17
0.21
0.64
0.40
0.47
0.09
0.52
0.60
0.17
0.79
0.12
0.41
0.75
0.82
0.53
0.29
0.85
0.48
0.62
0.72
0.70
0.97
0.83
0.83
0.73
0.79
0.66
0.65
0.99
0.97
0.89
0.60
0.39
0.72
0.58
0.90
0.42
0.70
0.17
0.79
0.34
0.59
0.39
0.01
0.63
0.40
0.48
0.54
0.56
0.95
0.49
0.16
0.68
0.93
0.06
0.48
0.12
0.19
0.33
0.40
0.50
0.46
0.68
0.51
0.43
0.31
0.81
0.17
0.19
0.45
0.60
0.13
0.65
0.17
0.72
0.22
0.24
0.08
0.24
0.99
0.70
0.02
0.91
0.93
0.60
0.04
0.92
0.98
0.38
0.55
0.41
0.08
0.66
0.62
0.47
0.50
0.13
0.18
0.41
0.70
0.02
0.34
0.50
0.26
0.93
0.75
0.15
0.75
0.19
0.77
0.81
0.38
0.85
0.68
0.57
0.75
0.22
0.82
0.52
0.92
0.58
0.39
0.03
0.05
0.11
0.41
0.10
0.72
0.80
0.13
0.68
0.36
0.14
0.51
0.30
0.66
0.50
0.21
0.87
0.67
0.07
0.49
0.94
0.26
0.06
0.59
0.38
0.61
0.20
0.95
0.62
0.69
0.26
0.87
0.53
0.07
0.38
0.88
0.17
0.17
0.23
0.59
0.13
0.31
0.71
0.13
0.14
0.66
0.13
0.95
0.35
0.37
0.42
0.32
0.09
0.04
0.83
0.93
0.48
0.86
0.24
0.20
0.72
0.53
0.43
0.71
0.48
0.20
0.99
0.20
0.96
0.66
0.65
0.57
0.51
0.12
0.91
0.50
0.87
0.43
0.04
0.04
0.27
0.59
0.75
0.47
0.38
0.97
0.15
0.50
0.20
0.24
0.93
0.37
0.06
0.55
0.58
0.24
0.64
0.85
0.49
0.57
0.54
0.89
0.79
0.65
0.78
0.62
0.84
0.03
0.09
0.98
0.94
0.05
0.50
0.44
0.57
0.23
0.73
0.18
0.47
0.70
0.13
0.76
0.92
0.44
0.54
0.67
0.62
0.36
0.04
0.80
0.32
0.37
0.63
0.37
0.83
0.03
0.11
0.07
0.60
0.20
0.08
0.18
0.04
0.21
0.15
0.32
0.34
0.97
0.73
0.59
0.72
0.52
0.04
0.82
0.78
0.41
0.84
0.67
0.98
0.60
0.84
0.13
0.92
0.99
0.68
0.47
0.45
0.49
0.90
0.02
0.25
0.57
0.85
0.71
0.96
0.36
0.55
0.03
0.45
0.20
0.69
0.99
0.28
0.54
0.91
0.19
0.03
0.42
0.35
0.19
0.56
0.06
0.53
0.29
0.71
0.99
0.88
0.39
0.74
0.42
0.76
0.37
0.79
0.83
0.17
0.14
0.82
0.87
0.24
0.66
0.33
0.44
0.67
0.01
0.02
0.92
0.02
0.91
0.19
0.68
0.15
0.67
0.68
0.43
0.73
0.08
0.07
0.97
0.15
0.19
0.31
0.78
0.53
0.38
0.25
0.73
0.46
0.82
0.23
0.73
0.97
0.70
0.31
0.38
0.42
0.14
0.25
0.47
0.78
0.43
0.74
0.51
0.05
0.44
0.18
0.01
0.33
0.64
0.34
0.63
0.07
0.77
0.22
0.14
0.25
0.65
0.56
0.16
0.90
0.03
0.21
0.57
0.76
0.94
0.74
0.78
0.42
0.66
0.77
0.51
0.84
0.49
0.12
0.32
0.57
0.65
0.33
0.68
0.39
0.43
0.82
0.80
0.99
0.86
0.98
0.67
0.20
0.12
0.67
0.04
0.40
0.80
0.29
0.53
0.77
0.55
0.92
0.49
0.85
0.77
0.84
0.02
0.11
0.23
0.75
0.59
0.97
0.30
0.90
0.95
0.26
0.29
0.82
0.35
0.97
0.05
0.62
0.11
0.86
0.06
0.50
0.42
0.54
0.09
0.47
0.41
0.44
0.01
0.12
0.45
0.65
0.46
0.23
0.53
0.66
0.10
0.03
0.93
0.25
0.22
0.11
0.85
0.44
0.37
0.58
0.29
0.80
0.77
0.60
0.80
0.95
0.10
0.88
0.44
0.67
0.63
0.20
0.57
0.40
0.16
0.56
0.70
0.43
0.58
0.11
0.21
0.82
0.87
0.30
0.03
0.07
0.11
0.66
0.09
0.70
0.19
0.32
0.71
0.95
0.28
0.84
0.71
0.39
0.21
0.67
0.36
0.83
0.06
0.42
0.98
0.49
0.18
0.46
0.38
0.57
0.83
0.13
0.78
0.13
0.71
0.88
0.65
0.82
0.48
0.71
0.88
0.98
0.59
0.24
0.76
0.64
0.71
0.76
0.35
0.32
0.72
0.68
0.48
0.79
0.79
0.51
0.21
0.82
0.58
0.99
0.71
0.11
0.73
0.47
0.58
0.33
0.12
0.08
0.69
0.67
0.72
0.88
0.13
0.48
0.79
0.48
0.75
0.80
0.99
0.23
0.85
0.11
0.27
0.68
0.24
0.03
0.16
0.36
0.40
0.66
0.26
0.30
0.99
0.85
0.69
0.71
0.55
0.42
0.88
0.14
0.11
0.43
0.05
0.30
0.25
0.60
0.32
0.20
0.03
0.08
0.97
0.59
0.94
0.34
0.86
0.42
0.14
0.75
0.27
0.29
0.29
0.53
0.42
0.49
0.68
0.32
0.89
0.94
0.18
0.57
0.21
0.30
0.96
0.66
0.51
0.51
0.30
0.95
0.06
0.46
0.06
0.84
0.26
0.65
0.95
0.81
0.85
0.62
0.79
0.89
0.12
0.10
0.22
0.16
0.61
0.66
0.26
0.71
0.45
0.72
0.59
0.18
0.61
0.75
0.41
0.67
0.02
0.55
0.91
0.41
0.23
0.34
0.39
0.18
0.36
0.70
0.77
0.55
0.93
0.94
0.92
0.09
0.54
0.07
0.13
0.48
0.72
0.84
0.32
0.99
0.24
0.04
0.49
0.91
0.93
0.67
0.71
0.45
0.33
0.94
0.33
0.98
0.42
0.88
0.67
0.89
0.60
0.47
0.90
0.79
0.14
0.05
0.30
0.68
0.19
0.93
0.56
0.70
0.03
0.06
0.57
0.84
0.05
0.40
0.20
0.59
0.39
0.19
0.20
0.70
0.01
0.65
0.35
0.99
0.53
0.08
0.65
0.51
0.17
0.21
0.46
0.98
0.81
0.56
0.81
0.77
0.59
0.91
0.60
0.18
0.09
0.29
0.80
0.61
0.45
0.72
0.58
0.30
0.54
0.40
0.31
0.89
0.52
0.13
0.41
0.90
0.84
0.90
0.17
0.28
0.07
0.57
0.13
0.83
0.70
0.07
0.47
0.16
0.09
0.67
0.98
0.52
0.84
0.50
0.89
0.42
0.88
0.46
0.15
0.31
0.27
0.39
0.58
0.16
0.13
0.28
0.51
0.46
0.94
0.31
0.14
0.14
0.19
0.71
0.18
0.21
0.87
0.12
0.32
0.34
0.89
0.37
0.03
0.57
0.58
0.62
0.83
0.09
0.65
0.50
0.96
0.14
0.80
0.21
0.62
0.37
0.95
0.49
0.28
0.57
0.77
0.19
0.59
0.80
0.21
0.28
0.50
0.22
0.74
0.24
0.56
0.56
0.06
0.62
0.62
0.36
0.90
0.53
0.66
0.15
0.89
0.18
0.73
0.48
0.73
0.83
0.18
0.15
0.97
0.60
0.89
0.40
0.63
0.42
0.66
0.65
0.71
0.35
0.56
0.22
0.04
0.94
0.44
0.76
0.44
0.50
0.26
0.14
0.78
0.11
0.56
0.87
0.57
0.35
0.68
0.32
0.97
0.28
0.04
0.77
0.99
0.94
0.15
0.33
0.17
0.85
0.53
0.80
0.08
0.49
0.44
0.74
0.86
0.67
0.33
0.64
0.81
0.56
0.04
0.42